Radius: 4000  Time: 1.22667503  Radius: 3000  Time: 0.91862607  Radius: 500.  Time: 0.92142605  Radius: 100.  Time: 1.12467908  Radius: 6000  Time: 1.12877106  Radius: 7000  Time: 1.08736205  Radius: 300.  Time: 0.81682085  Radius: 1000  Time: 0.90928983  Radius: 2000  Time: 1.10099005  Radius: 5500  Time: 1.09859013  Radius: 750.  Time: 1.22083401  Radius: 8000  Time: 0.95925188  Radius: 7000  Time: 1.09741520  Radius: 700.  Time: 1.26150035  
Radius: 4000  Time: 0.97913503  Radius: 3000  Time: 1.01771283  Radius: 500.  Time: 1.22853183  Radius: 100.  Time: 2.86704611  Radius: 6000  Time: 0.92474508  Radius: 7000  Time: 1.12191319  Radius: 300.  Time: 2.15167593  Radius: 1000  Time: 1.02445602  Radius: 2000  Time: 1.18729805  Radius: 5500  Time: 0.99918484  Radius: 750.  Time: 0.88154911  Radius: 8000  Time: 1.12558388  Radius: 7000  Time: 1.05441308  Radius: 700.  Time: 1.22464895  
Radius: 4000  Time: 2.25127720  Radius: 3000  Time: 1.53617715  Radius: 500.  Time: 1.52972006  Radius: 100.  Time: 1.38724303  Radius: 6000  Time: 1.48122596  Radius: 7000  Time: 1.23879122  Radius: 300.  Time: 1.52143883  Radius: 1000  Time: 1.43381714  Radius: 2000  Time: 1.74809789  Radius: 5500  Time: 1.52991700  Radius: 750.  Time: 1.18424391  Radius: 8000  Time: 1.17117285  Radius: 7000  Time: 1.74340295  Radius: 700.  Time: 1.44093394  
Radius: 4000  Time: 3.81425523  Radius: 3000  Time: 2.65970802  Radius: 500.  Time: 2.69331884  Radius: 100.  Time: 2.03340792  Radius: 6000  Time: 2.75283503  Radius: 7000  Time: 2.23887920  Radius: 300.  Time: 2.19171094  Radius: 1000  Time: 2.13057208  Radius: 2000  Time: 2.94718003  Radius: 5500  Time: 2.76403999  Radius: 750.  Time: 2.66156697  Radius: 8000  Time: 2.25303292  Radius: 7000  Time: 2.96837496  Radius: 700.  Time: 2.25959420  
