Radius: 4000  Time: 1.22667503  Radius: 3000  Time: 0.91862607  Radius: 500.  Time: 0.92142605  Radius: 100.  Time: 1.12467908  Radius: 6000  Time: 1.12877106  Radius: 7000  Time: 1.08736205  Radius: 300.  Time: 0.81682085  Radius: 1000  Time: 0.90928983  Radius: 2000  Time: 1.10099005  Radius: 5500  Time: 1.09859013  Radius: 750.  Time: 1.22083401  Radius: 8000  Time: 0.95925188  Radius: 7000  Time: 1.09741520  Radius: 700.  Time: 1.26150035  
Radius: 4000  Time: 0.97913503  Radius: 3000  Time: 1.01771283  Radius: 500.  Time: 1.22853183  Radius: 100.  Time: 2.86704611  Radius: 6000  Time: 0.92474508  Radius: 7000  Time: 1.12191319  Radius: 300.  Time: 2.15167593  Radius: 1000  Time: 1.02445602  Radius: 2000  Time: 1.18729805  Radius: 5500  Time: 0.99918484  Radius: 750.  Time: 0.88154911  Radius: 8000  Time: 1.12558388  Radius: 7000  Time: 1.05441308  Radius: 700.  Time: 1.22464895  
